   D   L   M   W   J   V   S
 ' ' ' ' ' ' ' '   1   2   3 <- S01 
   4   5   6   7   8   9  10 <- S01 
  11  12  13  14  15  16  17 <- S01 
  18  19  20  21  22  23  24 <- S01 
  25  26  27  28  29  30  31 <- S01 
   1   2   3   4   5   6   7 <- S01 
   8   9  10  11  12  13  14 <- S01 
  15  16  17  18  19  20  21 <- S01 
  22  23  24  25  26  27  28 <- S01 
   1   2   3   4   5   6   7 <- S01 
   8   9  10  11  12  13  14 <- S10 
  15  16  17  18  19  20  21 <- S11 
  22  23  24  25  26  27  28 <- S12 
  29  30  31   1   2   3   4 <- S13 
   5   6   7   8   9  10  11 <- S14 
  12  13  14  15  16  17  18 <- S15 
  19  20  21  22  23  24  25 <- S16 
  26  27  28  29  30   1   2 <- S17 
   3   4   5   6   7   8   9 <- S18 
  10  11  12  13  14  15  16 <- S19 
  17  18  19  20  21  22  23 <- S20 
  24  25  26  27  28  29  30 <- S21 
  31   1   2   3   4   5   6 <- S22 
   7   8   9  10  11  12  13 <- S23 
  14  15  16  17  18  19  20 <- S24 
  21  22  23  24  25  26  27 <- S25 
  28  29  30   1   2   3   4 <- S26 
   5   6   7   8   9  10  11 <- S27 
  12  13  14  15  16  17  18 <- S28 
  19  20  21  22  23  24  25 <- S29 
  26  27  28  29  30  31   1 <- S30 
   2   3   4   5   6   7   8 <- S31 
   9  10  11  12  13  14  15 <- S32 
  16  17  18  19  20  21  22 <- S33 
  23  24  25  26  27  28  29 <- S34 
  30  31   1   2   3   4   5 <- S35 
   6   7   8   9  10  11  12 <- S36 
  13  14  15  16  17  18  19 <- S37 
  20  21  22  23  24  25  26 <- S38 
  27  28  29  30   1   2   3 <- S39 
   4   5   6   7   8   9  10 <- S40 
  11  12  13  14  15  16  17 <- S41 
  18  19  20  21  22  23  24 <- S42 
  25  26  27  28  29  30  31 <- S43 
   1   2   3   4   5   6   7 <- S44 
   8   9  10  11  12  13  14 <- S45 
  15  16  17  18  19  20  21 <- S46 
  22  23  24  25  26  27  28 <- S47 
  29  30   1   2   3   4   5 <- S48 
   6   7   8   9  10  11  12 <- S49 
  13  14  15  16  17  18  19 <- S50 
  20  21  22  23  24  25  26 <- S51 
  27  28  29  30  31 ' ' ' ' <- S52 
